3.984375 X 10E-1 + (3.4375 X 10E-1 + 1.771 X 10E3)

Num1 = 3.984375 X 2E-1 = 0.3984375
Binary = 0.01100110000000 = 1.1001100000 X 2E-2

Num2 = 3.4375 X 2E-1 = 0.34375
Binary = 0.01011000000000 = 1.0110000000 X 2E-2

Num3 = 1.771 X 2E3 = 1771.00
Binary = 11011101011.00000000 = 1.1011101011 X 2E10
